4048
4103
4218
4234
4308
4321
4474
4478
4490
4524
4533
4547
4548
4579
4599
4623
4637
4638
4729
4823
4886
4914
4955
4975
5034
5062
5063
5075
5086
5087
5088
5092
5096
5097
5111
5116
5148
5161
5170
5172
5175
5229
5233
5248
5270
5276
5279
5286
5294
5331
5334
5336
5338
5353
5375
5385
5430
5462
5475
5488
5498
5503
5508
5514
5516
5524
5528
5536
5558
5559
5571
5573
5579
5600
5604
5607
5613
5621
5628
5656
5681
5684
5686
5696
5715
5719
5729
5737
5749
5750
5753
5758
5785
5786
5808
5816
5817
5823
5824
5830
5839
5847
5853
5858
5862
5863
5870
5881
5894
5905
5915
5918
5919
5921
5925
5928
5929
5939
5954
5957
5959
5964
5967
6000
6001
6002
6012
6022
6025
6031
6033
6040
6043
6051
6053
6066
6069
6075
6077
6107
6120
6121
6134
6140
6150
6154
6155
6179
6189
6191
6193
6202
6210
6214
6226
6230
6233
6240
6246
6249
6251
6253
6280
6308
6312
6313
6331
6334
6339
6341
6342
6350
6352
6354
6361
6366
6374
6380
6381
6383
6387
6390
6392
6403
6405
6406
6407
6411
6412
6414
6416
6418
6421
6422
6430
6431
6440
6442
6451
6460
6476
6479
6494
6495
6502
6512
6515
6518
6524
6525
6526
6529
6531
6532
6534
6539
6552
6558
6560
6563
6564
6572
6575
6576
6578
6586
6588
6600
6604
6614
6616
6619
6643
6646
6647
6659
6664
6668
6675
6677
6682
6684
6685
6687
6690
6691
6694
6697
6700
6703
6706
6708
6729
6731
6732
6740
6749
6750
6751
6757
6785
6790
6800
6805
6807
6810
6813
6818
6822
6836
6839
6842
6849
6852
6863
6868
6870
6872
6874
6875
6877
6890
6892
6894
6900
6907
6916
6919
6924
6928
6929
6945
6946
6947
6948
6953
6955
6957
6959
6960
6967
6972
6973
6976
6980
6982
6984
6985
6986
6999
7002
7007
7008
7011
7017
7020
7022
7024
7025
7026
7027
7032
7034
7036
7042
7043
7046
7047
7093
7095
7097
7100
7112
7115
7116
7121
7126
7132
7134
7146
7147
7149
7154
7155
7157
7161
7162
7165
7168
7170
7174
7180
7181
7183
7184
7186
7212
7214
7220
7225
7234
7242
7245
7251
7253
7255
7260
7261
7268
7274
7275
7276
7282
7288
7298
7312
7313
7314
7318
7325
7327
7329
7353
7368
7378
7392
7404
7408
7423
7426
7432
7481
7508
7510
7512
7514
7522
7523
7536
7544
7547
7548
7552
7553
7559
7562
7570
7596
7603
7617
7624
7630
7634
7640
7713
7714
7720
7721
7756
7776
7822
7832
7865
7940
