4032
4048
4103
4218
4234
4308
4321
4474
4478
4490
4524
4533
4547
4548
4579
4599
4623
4637
4638
4685
4729
4745
4777
4823
4886
4914
4932
4955
4975
4982
5034
5041
5062
5063
5068
5075
5081
5086
5087
5088
5091
5092
5096
5097
5103
5111
5116
5148
5154
5161
5165
5170
5172
5175
5188
5206
5226
5229
5233
5248
5270
5276
5279
5286
5294
5301
5304
5306
5310
5326
5331
5333
5334
5336
5338
5353
5358
5367
5375
5384
5385
5425
5427
5430
5460
5462
5463
5475
5479
5484
5488
5494
5498
5503
5507
5508
5514
5516
5521
5524
5528
5536
5551
5558
5559
5563
5571
5573
5578
5579
5582
5588
5600
5601
5604
5607
5613
5621
5628
5631
5644
5648
5656
5672
5675
5676
5679
5681
5683
5684
5686
5696
5706
5715
5719
5721
5722
5729
5737
5749
5750
5752
5753
5755
5758
5763
5766
5769
5785
5786
5791
5801
5808
5816
5817
5821
5823
5824
5830
5832
5834
5836
5839
5843
5847
5853
5858
5862
5863
5870
5875
5879
5881
5891
5894
5896
5903
5905
5911
5915
5918
5919
5921
5925
5928
5929
5934
5939
5944
5951
5954
5955
5957
5959
5964
5967
5979
5986
5991
5993
6000
6001
6002
6010
6012
6016
6022
6025
6026
6031
6032
6033
6036
6039
6040
6043
6045
6051
6053
6066
6069
6075
6076
6077
6086
6092
6094
6107
6120
6121
6123
6128
6130
6131
6134
6140
6145
6150
6154
6155
6159
6162
6170
6171
6175
6176
6178
6179
6180
6189
6191
6193
6194
6195
6201
6202
6207
6210
6214
6215
6224
6226
6230
6233
6240
6246
6248
6249
6251
6253
6262
6271
6280
6284
6290
6294
6296
6299
6301
6302
6308
6312
6313
6314
6315
6318
6321
6322
6324
6331
6334
6337
6339
6341
6342
6349
6350
6352
6353
6354
6358
6360
6361
6366
6374
6376
6379
6380
6381
6383
6387
6390
6392
6401
6403
6405
6406
6407
6410
6411
6412
6413
6414
6416
6418
6421
6422
6425
6427
6430
6431
6433
6434
6436
6437
6438
6440
6442
6445
6450
6451
6458
6459
6460
6472
6476
6477
6479
6486
6490
6491
6493
6494
6495
6500
6502
6507
6510
6511
6512
6514
6515
6518
6524
6525
6526
6529
6531
6532
6533
6534
6537
6539
6551
6552
6554
6558
6560
6563
6564
6572
6575
6576
6578
6580
6581
6586
6587
6588
6591
6592
6594
6596
6599
6600
6602
6603
6604
6608
6609
6614
6616
6618
6619
6635
6643
6646
6647
6655
6659
6660
6661
6663
6664
6668
6675
6677
6680
6681
6682
6684
6685
6687
6689
6690
6691
6692
6694
6695
6697
6700
6701
6703
6706
6708
6713
6715
6725
6728
6729
6731
6732
6737
6740
6743
6749
6750
6751
6753
6757
6770
6775
6779
6785
6786
6787
6788
6789
6790
6791
6792
6795
6800
6804
6805
6806
6807
6808
6810
6813
6818
6820
6822
6827
6831
6832
6836
6838
6839
6842
6844
6849
6852
6854
6857
6863
6866
6868
6870
6872
6874
6875
6877
6878
6887
6890
6891
6892
6893
6894
6898
6900
6907
6908
6909
6916
6919
6920
6923
6924
6928
6929
6930
6935
6938
6939
6943
6945
6946
6947
6948
6949
6950
6953
6955
6957
6959
6960
6962
6966
6967
6972
6973
6976
6978
6980
6981
6982
6984
6985
6986
6988
6993
6994
6995
6999
7001
7002
7004
7005
7006
7007
7008
7009
7011
7015
7017
7019
7020
7021
7022
7024
7025
7026
7027
7029
7031
7032
7033
7034
7035
7036
7037
7039
7041
7042
7043
7045
7046
7047
7056
7068
7070
7072
7076
7077
7081
7083
7089
7090
7091
7092
7093
7095
7097
7098
7100
7105
7108
7109
7111
7112
7115
7116
7117
7121
7122
7124
7125
7126
7130
7132
7134
7135
7136
7137
7140
7143
7144
7146
7147
7149
7152
7154
7155
7157
7159
7160
7161
7162
7163
7165
7166
7168
7169
7170
7172
7173
7174
7176
7180
7181
7183
7184
7185
7186
7188
7189
7194
7203
7212
7214
7216
7217
7218
7220
7223
7225
7230
7231
7234
7235
7242
7245
7250
7251
7253
7254
7255
7260
7261
7263
7264
7265
7268
7269
7270
7274
7275
7276
7282
7283
7285
7288
7289
7296
7298
7299
7300
7302
7303
7305
7307
7310
7312
7313
7314
7318
7320
7321
7324
7325
7327
7329
7343
7346
7349
7353
7358
7368
7369
7371
7376
7378
7379
7381
7384
7386
7388
7389
7392
7394
7396
7398
7402
7403
7404
7407
7408
7412
7413
7417
7418
7420
7423
7424
7425
7426
7429
7432
7435
7457
7458
7461
7462
7472
7474
7478
7479
7481
7483
7486
7487
7489
7490
7498
7506
7508
7510
7511
7512
7514
7518
7522
7523
7526
7531
7533
7535
7536
7541
7544
7546
7547
7548
7549
7552
7553
7555
7559
7562
7563
7564
7566
7569
7570
7593
7596
7601
7602
7603
7606
7614
7617
7624
7627
7629
7630
7631
7634
7637
7640
7642
7647
7652
7653
7657
7660
7667
7670
7683
7684
7686
7696
7705
7711
7713
7714
7719
7720
7721
7726
7747
7756
7760
7762
7765
7767
7770
7771
7776
7807
7808
7818
7822
7826
7830
7831
7832
7833
7837
7851
7857
7865
7868
7876
7924
7932
7940
7947
7968
8121
