4048
4103
4218
4234
4308
4321
4474
4478
4490
4524
4533
4547
4548
4579
4599
4623
4637
4638
4729
4823
4886
4914
4955
4975
5034
5062
5063
5075
5086
5087
5088
5092
5096
5097
5111
5116
5148
5161
5170
5172
5175
5229
5233
5248
5270
5276
5279
5286
5294
5331
5334
5336
5338
5353
5375
5385
5430
5462
5475
5488
5498
5503
5508
5514
5516
5524
5528
5536
5558
5559
5571
5573
5579
5600
5604
5607
5613
5621
5628
5656
5681
5684
5686
5696
5715
5719
5729
5737
5749
5750
5753
5758
5785
5786
5808
5816
5817
5823
5824
5830
